594254
544208
084288
884247
474209
094206
064241
414219
194260
604250
504229
294219
194232
324228
284235
354286
864216
164233
334217
174220
204220
204213
134279
794203
034271
714203
034240
404226
264237
374224
244248
484258
584242
424264
644253
534208
084298
984259
594213
134288
884258
584240
404224
244245
454207
074226
264294
944296
964255
554277
774264
644277
774214
144257
574289
894270
704297
974294
944275
754223
234261
614239
394272
724261
614299
994263
634229
294208
084222
224218
184257
574268
684270
704265
654225
254266
664263
634288
884292
924286
864282
824276
764272
724271
714244
444240
404282
824233
334291
914299
994209
094286
864270
704271
714291
914241
414258
584250
504231
314201
014211
114203
034226
264218
184231
314262
624283
834269
694202
024222
224206
064226
264206
064265
654283
834279
794277
774279
794272
724227
274234
344287
874272
724277
774251
514291
914257
574252
524204
044231
314260
604218
184270
704228
284263
634293
934205
054272
724228
284266
664209
094219
194279
794210
104283
834206
064201
014247
474204
044294
944285
854247
474210
104272
724281
814218
184296
964261
614264
644252
524236
364227
274217
174214
144270
704226
264234
344215
154204
044289
894244
444207
074241
414258
584239
394233
334215
154269
694208
084249
494232
324249
494265
654281
814247
474248
484289
894202
024281
814275
754201
014209
094282
824201
014245
454258
584290
904226
264291
914233
334288
884225
254288
884218
184203
034247
474292
924256
564240
404297
974211
114245
454237
374260
604209
094252
524246
464298
984285
854243
434266
664258
584294
944204
044222
224210
104221
214262
624214
144202
024226
264201
014247
474269
694226
264209
094225
254277
774267
674272
724253
534224
244258
584251
514230
304293
934269
694227
274288
884206
064202
024245
454264
644247
474299
994233
334290
904270
704281
814248
484246
464299
994232
324278
784226
264269
694205
054276
764277
774287
874239
394296
964228
284220
204290
904223
234250
504211
114273
734234
344207
074232
324276
764205
054225
254237
374250
504225
254224
244282
824277
774296
964223
234266
664221
214257
574230
304284
844202
024294
944253
534242
424274
744279
794206
064204
044246
464267
674209
094251
514259
594274
744240
404257
574251
514252
524295
954295
954275
754269
694278
784237
374229
294283
834205
054210
104293
934237
374259
594233
334242
424276
764236
364292
924262
624268
684257
574249
494251
514296
964245
454258
584288
884205
054206
064221
214293
934296
964221
214279
794279
794242
424288
884213
134226
264202
024235
354252
524205
054237
374204
044210
104296
964240
404247
474262
624245
454226
264262
624273
734221
214267
674248
484272
724222
224243
434214
144250
504288
884268
684263
634201
014271
714243
434232
324269
694292
924259
594208
084278
784263
634255
554201
014221
214250
504210
104297
974268
684264
644282
824204
044230
304282
824265
654218
184231
314261
614289
894248
484288
884292
924287
874248
484226
264218
184230
304211
114204
044282
824241
414298
984218
184230
304231
314278
784230
304223
234268
684241
414299
994261
614237
374232
324231
314275
754278
784274
744225
254291
914294
944238
384202
024236
364229
294282
824256
564253
534284
844276
764220
204231
314254
544234
344218
184246
464243
434295
954260
604219
194206
064243
434229
294278
784219
194276
764214
144249
494272
724268
684247
474295
954204
044297
974243
434277
774255
554272
724287
874218
184210
104285
854268
684225
254258
584270
704271
714263
634217
174240
404212
124255
554220
204266
664222
224231
314221
214250
504234
344221
214252