144249
134262
804278
174289
054203
714223
194294
084201
414210
844246
034264
944256
814249
184236
744214
094299
144250
354292
444243
284294
994238
204248
164264
764260
594219
694204
694286
034201
104253
134211
914296
194212
834243
414204
414232
034290
674241
674261
784250
784215
084219
284268
304237
214276
594229
844260
474201
044263
304259
544293
524245
014207
074293
554202
374274
184298
854204
914257
244201
334233
874235
034231
734206
874292
704258
754262
814209
094206
294208
274269
624229
874233
164264
994260
174264
434206
864292
414231
994247
444209
844255
764235
534212
724210
314223
384220
344254
064202
354248
134230
564238
124298
874286
254223
814222
994243
274207
324275
074283
684245