774299
994261
614290
904281
814238
384243
434260
604220
204260
604242
424269
694253
534287
874237
374269
694234
344218
184289
894295
954236
364210
104206
064215
154255
554229
294288
884279
794272
724266
664219
194293
934290
904250
504211
114213
134299
994248
484222
224209
094289
894227
274235
354235
354280
804266
664242
424225
254262
624220
204295
954208
084232
324212
124202
024280
804220
204205
054260
604263
634265
654201
014206
064248
484271
714298
984236
364222
224203
034243
434231
314273
734295
954271
714226
264271
714299
994253
534247
474292
924216
164271
714273
734279
794229
294247
474251
514222
224264
644205
054279
794264
644205
054249
494202
024209
094274
744279
794208
084283
834215