014234
344217
174232
324260
604225
254244
444255
554244
444288
884289
894280
804240
404223
234286
864250
504299
994270
704260
604235
354246
464201
014207
074294
944299
994258
584266
664237
374263
634273
734246
464268
684297
974280
804224
244226
264226
264215
154228
284239
394254
544240
404272
724247
474282
824269
694263
634269
694254
544243
434203
034241
414251
514211
114292
924259
594293
934299
994287
874242
424226
264210
104202
024291
914247
474221
214203
034224
244263
634224
244299
994288
884265
654296
964238
384222
224228
284289
894299
994236
364287
874202
024224
244220
204250
504299
994268
684266
664297
974247
474222
224288
884266
664285
854238
384253
534253
534268
684242
424255
554285
854285
854236
364273
734242
424208
084216
164268
684205
054286
864253
534207
074237
374281
814280
804226
264253
534204
044208
084219
194284
844264
644271
714277
774242
424267
674201
014261
614233
334246
464221
214260
604208
084203
034280
804258
584278
784202
024249
494254
544209
094239
394260
604265
654210
104241
414229
294294
944232
324294
944229
294299
994209
094242
424271
714254
544291
914265
654278
784210
104233
334248
484251
514207
074275
754263
634249
494241
414247
474276
764284
844246
464270
704280
804204
044236
364280
804207
074276
764218
184251
514223
234245
454221
214251
514220
204259
594257
574246
464259
594219
194260
604262
624275
754280
804207
074257
574243
434213
134216
164276
764267
674282
824295
954223
234269
694208
084251
514250
504280
804278
784261
614278
784235
354261
614257
574226
264278
784237
374267
674235
354219
194230
304279
794247
474216
164240
404229
294226
264279
794205
054290
904270
704298
984285
854248
484293
934238
384257
574264
644292
924241
414268
684219
194232
324257
574227
274221
214275
754209
094274
744240
404277
774233
334244
444278
784271
714201
014275
754253
534294
944229
294218
184248
484291
914246
464292
924289
894292
924206
064217
174295
954294
944263
634208
084292
924271
714227
274222
224244
444298
984217
174276
764202
024207
074203
034236
364209
094283
834297
974259
594292
924298
984221
214284
844269
694244
444233
334278
784206
064274
744242
424254
544242
424297
974211
114262
624213
134235
354217
174203
034249
494283
834276
764223
234208
084219
194204
044202
024232
324251
514288
884288
884225
254289
894228
284254
544209
094267
674264
644273
734204
044247
474245
454233
334212
124255
554232
324239
394290
904267
674219
194232
324221
214294
944203
034212
124275
754220
204293
934214
144274
744229
294243
434287
874270
704266
664297
974252
524230
304263
634224
244249
494228
284246
464222
224261
614233
334297
974220
204209
094278
784202
024224
244227
274241
414233
334225
254239
394261
614297
974227
274217
174218
184288
884231
314247
474201
014221
214284
844230
304230
304231
314212
124253
534204
044211
114260
604209
094271
714217
174230
304261
614234
344292
924206
064206
064272
724207
074297
974225
254226
264233
334211
114284
844285
854225
254260
604261
614247
474283
834275
754292
924296
964280
804230
304234
344261
614248
484257
574212
124270
704294
944238
384232
324203
034203
034248
484261
614264
644230
304236
364283
834225
254286
864209
094233
334234
344254
544218
184255
554298
984272
724268
684246
464299
994224
244287
874233
334282
824282
824235
354237
374231
314248
484274
744221
214296
964236
364233
334282
824227
274233
334231
314212
124283
834227
274239
394260
604287
874263
634277
774223
234275
754232
324263
634211
114252
524291
914247
474236
364285
854212
124232
324201
014240
404285
854267
674298
984298
984222