434293
494209
984273
474255
314265
324260
594260
584265
114270
724252
464282
294266
804260
974237
744290
134262
924209
664218
304260
794220
024251
094280
134273
484294
604298
584230
154292
234224
494204
364288
794206
584276
294274
634215
724262
514226
534289
574204
164254
294240
624211
194215
294270
404245
864275
254228
204262
594232
154236
244237
664217
774214
754271
704251
744267
644259
544228
574215
474216
234212
594286
904219
384270
714278
314236
764258
894269
274237
384293
784252
824259
044278
734201
904298
984259
624205
704212
354253
214235
624210
354260
324290
814265
754233
834264
834245
124284
664251
074232
794209
524254
934225
094263
294279
554210
534279
584214
104238
194240
184299