714275
754222
224234
344242
424296
964278
784297
974290
904287
874239
394271
714298
984217
174281
814286
864274
744211
114212
124298
984249
494270
704244
444209
094297
974217
174215
154295
954260
604243
434275
754255
554230
304271
714238
384254
544257
574261
614277
774259
594271
714271
714236
364284
844224
244240
404206
064214
144227
274275
754268
684218
184205
054268
684212
124249
494288
884295
954256
564212
124226
264294
944228
284210
104272
724263
634294
944224
244250
504284
844212
124252
524260
604241
414216
164224
244273
734211
114206
064280
804209
094232
324249
494243
434252
524277
774245
454238
384258
584279
794227
274249
494203
034212
124288
884206
064224
244289
894279
794237
374292